
    2022         1          
MON TUE WED THU FRI SAT SUN 
                     1   2  
 3   4   5   6   7   8   9  
10  11  12  13  14  15  16  
17  18  19  20  21  22  23  
24  25  26  27  28  29  30  
31  
    2022         2          
MON TUE WED THU FRI SAT SUN 
     1   2   3   4   5   6  
 7   8   9  10  11  12  13  
14  15  16  17  18  19  20  
21  22  23  24  25  26  27  
28  
    2022         3          
MON TUE WED THU FRI SAT SUN 
     1   2   3   4   5   6  
 7   8   9  10  11  12  13  
14  15  16  17  18  19  20  
21  22  23  24  25  26  27  
28  29  30  31  
    2022         4          
MON TUE WED THU FRI SAT SUN 
                 1   2   3  
 4   5   6   7   8   9  10  
11  12  13  14  15  16  17  
18  19  20  21  22  23  24  
25  26  27  28  29  30  
    2022         5          
MON TUE WED THU FRI SAT SUN 
                         1  
 2   3   4   5   6   7   8  
 9  10  11  12  13  14  15  
16  17  18  19  20  21  22  
23  24  25  26  27  28  29  
30  31  
    2022         6          
MON TUE WED THU FRI SAT SUN 
         1   2   3   4   5  
 6   7   8   9  10  11  12  
13  14  15  16  17  18  19  
20  21  22  23  24  25  26  
27  28  29  30  
    2022         7          
MON TUE WED THU FRI SAT SUN 
                 1   2   3  
 4   5   6   7   8   9  10  
11  12  13  14  15  16  17  
18  19  20  21  22  23  24  
25  26  27  28  29  30  31  
    2022         8          
MON TUE WED THU FRI SAT SUN 
 1   2   3   4   5   6   7  
 8   9  10  11  12  13  14  
15  16  17  18  19  20  21  
22  23  24  25  26  27  28  
29  30  31  
    2022         9          
MON TUE WED THU FRI SAT SUN 
             1   2   3   4  
 5   6   7   8   9  10  11  
12  13  14  15  16  17  18  
19  20  21  22  23  24  25  
26  27  28  29  30  
    2022        10          
MON TUE WED THU FRI SAT SUN 
                     1   2  
 3   4   5   6   7   8   9  
10  11  12  13  14  15  16  
17  18  19  20  21  22  23  
24  25  26  27  28  29  30  
31  
    2022        11          
MON TUE WED THU FRI SAT SUN 
     1   2   3   4   5   6  
 7   8   9  10  11  12  13  
14  15  16  17  18  19  20  
21  22  23  24  25  26  27  
28  29  30  
    2022        12          
MON TUE WED THU FRI SAT SUN 
             1   2   3   4  
 5   6   7   8   9  10  11  
12  13  14  15  16  17  18  
19  20  21  22  23  24  25  
26  27  28  29  30  31  